0	1.000000
1	2.050000
2	3.068000
3	3.998000
4	5.072000
5	5.952000
6	7.112000
7	8.202000
8	9.236000
9	10.216000
10	11.128000
11	12.076000
12	13.280000
13	14.162000
14	15.068000
15	15.876000
16	16.916000
17	18.205999
18	18.968000
19	19.704000
20	20.799999
21	21.916000
22	22.728001
23	23.650000
24	24.667999
25	25.709999
26	26.568001
27	27.612000
28	28.452000
29	29.598000
30	30.112000
31	31.424000
32	32.507999
33	33.782001
34	34.419998
35	35.374001
36	36.084000
37	37.084000
38	38.048000
39	38.980000
40	40.043999
41	41.320000
42	42.335999
43	43.220001
44	44.208000
45	45.439999
46	46.344002
47	46.754002
48	47.712002
49	48.636002
50	49.060001
51	49.716000
52	50.188000
53	50.548000
54	52.495998
55	53.523998
56	54.632000
57	55.397999
58	56.340000
59	57.167999
60	58.203999
61	59.057999
62	59.768002
63	61.386002
64	62.740002
65	63.554001
66	64.463997
67	65.139999
68	67.092003
69	68.082001
70	69.040001
71	70.466003
72	71.084000
73	72.348000
74	72.959999
75	73.893997
76	74.828003
77	76.438004
78	77.071999
79	78.279999
80	80.323997
81	81.571999
82	82.112000
83	82.875999
84	84.480003
85	85.975998
86	86.711998
87	88.264000
88	89.339996
89	90.125999
90	90.543999
91	91.374001
92	92.935997
93	94.031998
94	94.188004
95	95.194000
96	96.171997
97	97.101997
98	98.916000
99	100.528000
100	101.255997
101	102.304001
102	103.907997
103	104.584000
104	105.223999
105	106.442001
106	107.084000
107	107.804001
108	108.928001
109	110.440002
110	111.711998
111	112.505997
112	113.223999
113	113.587997
114	114.820000
115	116.241997
116	117.935997
117	118.470001
118	119.223999
119	120.634003
120	122.612000
121	123.348000
122	125.071999
123	125.720001
124	125.867996
125	127.447998
126	128.300003
127	129.067993
128	130.567993
129	132.046005
130	132.972000
131	134.121994
132	135.063995
133	136.031998
134	136.455994
135	137.985992
136	138.188004
137	138.664001
138	139.947998
139	141.231995
140	142.251999
141	143.369995
142	145.248001
143	146.279999
144	146.811996
145	147.977997
146	148.972000
147	150.203995
148	151.584000
149	153.722000
150	153.695999
151	155.248001
152	155.251999
153	155.921997
154	156.664001
155	157.957993
156	159.076004
157	160.188004
158	162.119995
159	163.104004
160	163.376007
161	164.498001
162	166.007996
163	168.244003
164	169.848007
165	170.998001
166	172.264008
167	172.863998
168	173.636002
169	174.604004
170	175.324005
171	175.610001
172	176.304001
173	177.871994
174	179.419998
175	180.690002
176	181.436005
177	182.427994
178	182.667999
179	183.194000
180	183.360001
181	184.240005
182	186.404007
183	186.972000
184	188.255997
185	189.807999
186	190.936005
187	190.983994
188	193.792007
189	194.184006
190	194.923996
191	196.632004
192	198.479996
193	199.895996
194	200.779999
195	201.524002
196	202.423996
197	203.817993
198	205.835999
199	207.824005
200	208.800003
201	210.020004
202	210.503998
203	211.944000
204	213.235992
205	213.828003
206	214.007996
207	214.535995
208	214.692001
209	215.225998
210	216.164001
211	216.873993
212	219.016006
213	219.031998
214	219.636002
215	220.322006
216	220.440002
217	222.175995
218	222.755997
219	224.272003
220	225.852005
221	226.925995
222	227.007996
223	226.947998
224	228.552002
225	229.371994
226	230.783997
227	233.391998
228	234.548004
229	235.227997
230	235.447998
231	236.158005
232	236.975998
233	238.167999
234	239.220001
235	240.302002
236	241.556000
237	243.423996
238	244.380005
239	245.947998
240	246.783997
241	247.705994
242	247.755997
243	248.584000
244	250.115997
245	251.811996
246	253.735992
247	255.556000
248	256.515991
249	258.428009
250	261.127991
251	261.911987
252	264.216003
253	264.694000
254	265.152008
255	266.070007
256	267.291992
257	268.433990
258	269.559998
259	268.694000
260	269.343994
261	270.615997
262	272.056000
263	272.006012
264	273.119995
265	274.283997
266	275.312012
267	276.835999
268	277.355988
269	277.761993
270	278.691986
271	278.272003
272	279.967987
273	279.985992
274	281.459991
275	283.014008
276	284.119995
277	284.278015
278	284.799988
279	286.063995
280	286.011993
281	286.286011
282	286.303986
283	287.022003
284	289.536011
285	289.756012
286	291.488007
287	291.709991
288	292.687988
289	293.239990
290	293.776001
291	295.317993
292	294.339996
293	295.007996
294	296.056000
295	296.790009
296	296.944000
297	298.395996
298	299.631989
299	301.273987
300	300.880005
301	302.058014
302	303.183990
303	304.750000
304	305.752014
305	308.391998
306	309.403992
307	309.108002
308	310.000000
309	312.287994
310	312.907990
311	314.100006
312	314.212006
313	314.661987
314	317.131989
315	319.510010
316	320.424011
317	320.088013
318	321.619995
319	323.484009
320	322.532013
321	322.958008
322	324.347992
323	324.171997
324	324.260010
325	327.514008
326	328.876007
327	329.078003
328	329.131989
329	329.029999
330	329.335999
331	330.656006
332	330.519989
333	331.761993
334	332.399994
335	333.467987
336	334.839996
337	336.634003
338	338.768005
339	340.347992
340	340.944000
341	341.869995
342	341.075989
343	341.144012
344	341.196014
345	341.403992
346	342.376007
347	342.429993
348	342.787994
349	344.104004
350	343.372009
351	343.421997
352	344.239990
353	343.929993
354	344.872009
355	346.265991
356	348.447998
357	349.328003
358	350.432007
359	352.399994
360	351.820007
361	353.584015
362	354.343994
363	354.041992
364	356.096008
365	357.152008
366	359.395996
367	358.723999
368	359.571991
369	360.153992
370	361.268005
371	362.743988
372	364.032013
373	364.022003
374	364.720001
375	366.829987
376	368.272003
377	369.907990
378	371.063995
379	373.278015
380	373.123993
381	373.727997
382	373.779999
383	374.488007
384	375.299988
385	376.411987
386	377.135986
387	379.455994
388	380.308014
389	382.481995
390	381.563995
391	383.549988
392	382.963989
393	384.828003
394	386.283997
395	386.588013
396	388.092010
397	389.131989
398	389.880005
399	390.562012
400	391.951996
401	393.385986
402	395.200012
403	396.242004
404	396.028015
405	396.723999
406	397.231995
407	397.850006
408	397.324005
409	398.820007
410	400.492004
411	401.026001
412	400.747986
413	402.175995
414	402.876007
415	404.556000
416	404.579987
417	406.817993
418	406.015991
419	406.951996
420	408.135986
421	408.941986
422	411.548004
423	412.619995
424	415.291992
425	415.278015
426	416.720001
427	417.365997
428	418.316010
429	419.377991
430	421.007996
431	421.194000
432	422.447998
433	422.752014
434	423.743988
435	423.829987
436	425.231995
437	427.584015
438	427.156006
439	429.985992
440	431.376007
441	433.906006
442	434.864014
443	436.216003
444	436.752014
445	438.511993
446	438.500000
447	440.032013
448	440.395996
449	441.563995
450	443.028015
451	445.709991
452	447.664001
453	447.328003
454	449.204010
455	449.873993
456	449.131989
457	451.196014
458	452.171997
459	454.757996
460	456.544006
461	457.753998
462	458.984009
463	461.257996
464	463.256012
465	462.859985
466	464.824005
467	465.996002
468	465.675995
469	468.260010
470	468.447998
471	468.575989
472	470.279999
473	471.295990
474	469.944000
475	470.161987
476	470.696014
477	474.601990
478	476.648010
479	477.808014
480	479.756012
481	482.716003
482	483.696014
483	483.584015
484	484.575989
485	485.679993
486	487.347992
487	487.548004
488	488.996002
489	488.697998
490	488.496002
491	488.898010
492	490.212006
493	490.881989
494	491.791992
495	494.394012
496	497.071991
497	497.454010
498	497.235992
499	497.821991
