0	0.000000	0.000000	189
1	0.000000	1.000000	169
2	0.000000	0.000000	189
3	1.000000	0.000000	190
4	1.000000	1.000000	170
5	1.000000	2.000000	150
6	1.000000	3.000000	130
7	1.000000	2.000000	150
8	1.000000	3.000000	130
9	0.000000	3.000000	129
10	1.000000	3.000000	130
11	2.000000	3.000000	131
12	3.000000	3.000000	132
13	3.000000	2.000000	152
14	4.000000	2.000000	153
15	4.000000	3.000000	133
16	4.000000	4.000000	113
17	3.000000	4.000000	112
18	2.000000	4.000000	111
19	1.000000	4.000000	110
20	1.000000	5.000000	90
21	1.000000	4.000000	110
22	0.000000	4.000000	109
23	0.000000	3.000000	129
24	0.000000	4.000000	109
25	-1.000000	4.000000	108
26	-2.000000	4.000000	107
27	-2.000000	5.000000	87
28	-2.000000	6.000000	67
29	-2.000000	7.000000	47
30	-2.000000	8.000000	27
31	-2.000000	9.000000	7
32	-3.000000	9.000000	6
33	-2.000000	9.000000	7
34	-2.000000	10.000000	387
35	-2.000000	9.000000	7
36	-1.000000	9.000000	8
37	-2.000000	9.000000	7
38	-3.000000	9.000000	6
39	-3.000000	10.000000	386
40	-2.000000	10.000000	387
41	-3.000000	10.000000	386
42	-3.000000	11.000000	366
43	-3.000000	10.000000	386
44	-2.000000	10.000000	387
45	-2.000000	11.000000	367
46	-1.000000	11.000000	368
47	-1.000000	12.000000	348
48	-1.000000	11.000000	368
49	-2.000000	11.000000	367
50	-2.000000	10.000000	387
51	-2.000000	9.000000	7
52	-1.000000	9.000000	8
53	-1.000000	10.000000	388
54	-2.000000	10.000000	387
55	-2.000000	11.000000	367
56	-3.000000	11.000000	366
57	-2.000000	11.000000	367
58	-3.000000	11.000000	366
59	-3.000000	10.000000	386
60	-3.000000	11.000000	366
61	-3.000000	10.000000	386
62	-2.000000	10.000000	387
63	-3.000000	10.000000	386
64	-4.000000	10.000000	385
65	-4.000000	11.000000	365
66	-4.000000	12.000000	345
67	-5.000000	12.000000	344
68	-5.000000	11.000000	364
69	-6.000000	11.000000	363
70	-6.000000	10.000000	383
71	-7.000000	10.000000	382
72	-6.000000	10.000000	383
73	-5.000000	10.000000	384
74	-5.000000	11.000000	364
75	-4.000000	11.000000	365
76	-4.000000	12.000000	345
77	-4.000000	13.000000	325
78	-3.000000	13.000000	326
79	-2.000000	13.000000	327
80	-2.000000	12.000000	347
81	-2.000000	11.000000	367
82	-2.000000	10.000000	387
83	-2.000000	9.000000	7
84	-2.000000	8.000000	27
85	-1.000000	8.000000	28
86	0.000000	8.000000	29
87	0.000000	9.000000	9
88	1.000000	9.000000	10
89	1.000000	10.000000	390
90	2.000000	10.000000	391
91	3.000000	10.000000	392
92	4.000000	10.000000	393
93	4.000000	9.000000	13
94	3.000000	9.000000	12
95	2.000000	9.000000	11
96	3.000000	9.000000	12
97	3.000000	8.000000	32
98	4.000000	8.000000	33
99	3.000000	8.000000	32
100	3.000000	9.000000	12
101	3.000000	8.000000	32
102	4.000000	8.000000	33
103	5.000000	8.000000	34
104	5.000000	7.000000	54
105	5.000000	8.000000	34
106	6.000000	8.000000	35
107	7.000000	8.000000	36
108	6.000000	8.000000	35
109	7.000000	8.000000	36
110	7.000000	7.000000	56
111	7.000000	8.000000	36
112	6.000000	8.000000	35
113	5.000000	8.000000	34
114	5.000000	7.000000	54
115	5.000000	8.000000	34
116	4.000000	8.000000	33
117	4.000000	7.000000	53
118	3.000000	7.000000	52
119	3.000000	8.000000	32
120	4.000000	8.000000	33
121	3.000000	8.000000	32
122	3.000000	9.000000	12
123	3.000000	8.000000	32
124	3.000000	9.000000	12
125	3.000000	8.000000	32
126	3.000000	9.000000	12
127	4.000000	9.000000	13
128	3.000000	9.000000	12
129	4.000000	9.000000	13
130	3.000000	9.000000	12
131	2.000000	9.000000	11
132	2.000000	8.000000	31
133	1.000000	8.000000	30
134	0.000000	8.000000	29
135	0.000000	9.000000	9
136	0.000000	8.000000	29
137	-1.000000	8.000000	28
138	-1.000000	9.000000	8
139	-1.000000	10.000000	388
140	-1.000000	11.000000	368
141	0.000000	11.000000	369
142	-1.000000	11.000000	368
143	-1.000000	10.000000	388
144	-1.000000	11.000000	368
145	-1.000000	12.000000	348
146	0.000000	12.000000	349
147	0.000000	11.000000	369
148	0.000000	10.000000	389
149	-1.000000	10.000000	388
150	0.000000	10.000000	389
151	0.000000	9.000000	9
152	1.000000	9.000000	10
153	1.000000	10.000000	390
154	0.000000	10.000000	389
155	1.000000	10.000000	390
156	2.000000	10.000000	391
157	1.000000	10.000000	390
158	2.000000	10.000000	391
159	2.000000	11.000000	371
160	1.000000	11.000000	370
161	0.000000	11.000000	369
162	0.000000	10.000000	389
163	0.000000	11.000000	369
164	1.000000	11.000000	370
165	1.000000	12.000000	350
166	0.000000	12.000000	349
167	0.000000	11.000000	369
168	0.000000	10.000000	389
169	-1.000000	10.000000	388
170	0.000000	10.000000	389
171	1.000000	10.000000	390
172	0.000000	10.000000	389
173	-1.000000	10.000000	388
174	-1.000000	9.000000	8
175	-1.000000	8.000000	28
176	-2.000000	8.000000	27
177	-2.000000	7.000000	47
178	-2.000000	8.000000	27
179	-2.000000	9.000000	7
180	-2.000000	10.000000	387
181	-2.000000	11.000000	367
182	-1.000000	11.000000	368
183	0.000000	11.000000	369
184	0.000000	12.000000	349
185	0.000000	13.000000	329
186	1.000000	13.000000	330
187	1.000000	14.000000	310
188	1.000000	13.000000	330
189	2.000000	13.000000	331
190	1.000000	13.000000	330
191	1.000000	14.000000	310
192	0.000000	14.000000	309
193	0.000000	15.000000	289
194	-1.000000	15.000000	288
195	-2.000000	15.000000	287
196	-3.000000	15.000000	286
197	-3.000000	14.000000	306
198	-3.000000	15.000000	286
199	-2.000000	15.000000	287
200	-2.000000	16.000000	267
201	-2.000000	17.000000	247
202	-1.000000	17.000000	248
203	-1.000000	16.000000	268
204	-1.000000	15.000000	288
205	-2.000000	15.000000	287
206	-2.000000	16.000000	267
207	-2.000000	17.000000	247
208	-2.000000	18.000000	227
209	-3.000000	18.000000	226
210	-4.000000	18.000000	225
211	-4.000000	19.000000	205
212	-4.000000	18.000000	225
213	-4.000000	19.000000	205
214	-4.000000	20.000000	185
215	-3.000000	20.000000	186
216	-4.000000	20.000000	185
217	-4.000000	21.000000	165
218	-3.000000	21.000000	166
219	-3.000000	22.000000	146
220	-3.000000	23.000000	126
221	-4.000000	23.000000	125
222	-5.000000	23.000000	124
223	-5.000000	22.000000	144
224	-6.000000	22.000000	143
225	-5.000000	22.000000	144
226	-5.000000	23.000000	124
227	-4.000000	23.000000	125
228	-4.000000	22.000000	145
229	-5.000000	22.000000	144
230	-4.000000	22.000000	145
231	-3.000000	22.000000	146
232	-3.000000	21.000000	166
233	-3.000000	20.000000	186
234	-4.000000	20.000000	185
235	-5.000000	20.000000	184
236	-5.000000	21.000000	164
237	-5.000000	20.000000	184
238	-6.000000	20.000000	183
239	-7.000000	20.000000	182
240	-7.000000	21.000000	162
241	-6.000000	21.000000	163
242	-6.000000	20.000000	183
243	-5.000000	20.000000	184
244	-5.000000	21.000000	164
245	-4.000000	21.000000	165
246	-4.000000	20.000000	185
247	-4.000000	19.000000	205
248	-4.000000	20.000000	185
249	-4.000000	19.000000	205
250	-3.000000	19.000000	206
251	-4.000000	19.000000	205
252	-4.000000	20.000000	185
253	-5.000000	20.000000	184
254	-5.000000	21.000000	164
255	-5.000000	20.000000	184
256	-5.000000	21.000000	164
257	-6.000000	21.000000	163
258	-7.000000	21.000000	162
259	-6.000000	21.000000	163
260	-5.000000	21.000000	164
261	-6.000000	21.000000	163
262	-6.000000	20.000000	183
263	-6.000000	19.000000	203
264	-6.000000	20.000000	183
265	-6.000000	21.000000	163
266	-5.000000	21.000000	164
267	-6.000000	21.000000	163
268	-5.000000	21.000000	164
269	-6.000000	21.000000	163
270	-6.000000	20.000000	183
271	-6.000000	21.000000	163
272	-7.000000	21.000000	162
273	-8.000000	21.000000	161
274	-8.000000	22.000000	141
275	-9.000000	22.000000	140
276	-9.000000	23.000000	120
277	-8.000000	23.000000	121
278	-8.000000	24.000000	101
279	-9.000000	24.000000	100
280	-9.000000	23.000000	120
281	-8.000000	23.000000	121
282	-8.000000	22.000000	141
283	-8.000000	21.000000	161
284	-9.000000	21.000000	160
285	-8.000000	21.000000	161
286	-9.000000	21.000000	160
287	-9.000000	20.000000	180
288	-9.000000	21.000000	160
289	-8.000000	21.000000	161
290	-9.000000	21.000000	160
291	-9.000000	22.000000	140
292	-9.000000	23.000000	120
293	-9.000000	24.000000	100
294	-9.000000	23.000000	120
295	-10.000000	23.000000	139
296	-11.000000	23.000000	138
297	-11.000000	22.000000	158
298	-11.000000	21.000000	178
299	-12.000000	21.000000	177
300	-12.000000	22.000000	157
301	-13.000000	22.000000	156
302	-13.000000	21.000000	176
303	-13.000000	20.000000	196
304	-12.000000	20.000000	197
305	-11.000000	20.000000	198
306	-11.000000	21.000000	178
307	-11.000000	22.000000	158
308	-11.000000	21.000000	178
309	-11.000000	22.000000	158
310	-12.000000	22.000000	157
311	-13.000000	22.000000	156
312	-13.000000	23.000000	136
313	-13.000000	24.000000	116
314	-13.000000	25.000000	96
315	-13.000000	24.000000	116
316	-13.000000	25.000000	96
317	-14.000000	25.000000	95
318	-14.000000	26.000000	75
319	-15.000000	26.000000	74
320	-16.000000	26.000000	73
321	-16.000000	25.000000	93
322	-17.000000	25.000000	92
323	-17.000000	24.000000	112
324	-16.000000	24.000000	113
325	-16.000000	25.000000	93
326	-15.000000	25.000000	94
327	-16.000000	25.000000	93
328	-15.000000	25.000000	94
329	-15.000000	24.000000	114
330	-14.000000	24.000000	115
331	-14.000000	25.000000	95
332	-14.000000	26.000000	75
333	-14.000000	25.000000	95
334	-13.000000	25.000000	96
335	-13.000000	26.000000	76
336	-13.000000	25.000000	96
337	-12.000000	25.000000	97
338	-12.000000	26.000000	77
339	-13.000000	26.000000	76
340	-13.000000	27.000000	56
341	-13.000000	26.000000	76
342	-13.000000	25.000000	96
343	-14.000000	25.000000	95
344	-13.000000	25.000000	96
345	-12.000000	25.000000	97
346	-12.000000	26.000000	77
347	-12.000000	27.000000	57
348	-13.000000	27.000000	56
349	-14.000000	27.000000	55
350	-15.000000	27.000000	54
351	-15.000000	26.000000	74
352	-15.000000	27.000000	54
353	-14.000000	27.000000	55
354	-15.000000	27.000000	54
355	-15.000000	28.000000	34
356	-15.000000	29.000000	14
357	-16.000000	29.000000	13
358	-16.000000	28.000000	33
359	-16.000000	29.000000	13
360	-16.000000	30.000000	393
361	-16.000000	29.000000	13
362	-17.000000	29.000000	12
363	-18.000000	29.000000	11
364	-19.000000	29.000000	10
365	-20.000000	29.000000	9
366	-21.000000	29.000000	8
367	-20.000000	29.000000	9
368	-21.000000	29.000000	8
369	-21.000000	28.000000	28
370	-22.000000	28.000000	27
371	-22.000000	27.000000	47
372	-23.000000	27.000000	46
373	-23.000000	28.000000	26
374	-23.000000	29.000000	6
375	-24.000000	29.000000	5
376	-23.000000	29.000000	6
377	-23.000000	30.000000	386
378	-23.000000	29.000000	6
379	-24.000000	29.000000	5
380	-24.000000	28.000000	25
381	-24.000000	29.000000	5
382	-24.000000	30.000000	385
383	-24.000000	29.000000	5
384	-24.000000	30.000000	385
385	-25.000000	30.000000	384
386	-24.000000	30.000000	385
387	-25.000000	30.000000	384
388	-24.000000	30.000000	385
389	-25.000000	30.000000	384
390	-25.000000	29.000000	4
391	-24.000000	29.000000	5
392	-24.000000	30.000000	385
393	-24.000000	31.000000	365
394	-25.000000	31.000000	364
395	-26.000000	31.000000	363
396	-27.000000	31.000000	362
397	-26.000000	31.000000	363
398	-27.000000	31.000000	362
399	-26.000000	31.000000	363
400	-26.000000	30.000000	383
401	-25.000000	30.000000	384
402	-26.000000	30.000000	383
403	-26.000000	31.000000	363
404	-25.000000	31.000000	364
405	-25.000000	30.000000	384
406	-25.000000	29.000000	4
407	-24.000000	29.000000	5
408	-23.000000	29.000000	6
409	-23.000000	30.000000	386
410	-24.000000	30.000000	385
411	-25.000000	30.000000	384
412	-26.000000	30.000000	383
413	-27.000000	30.000000	382
414	-27.000000	31.000000	362
415	-28.000000	31.000000	361
416	-27.000000	31.000000	362
417	-27.000000	32.000000	342
418	-26.000000	32.000000	343
419	-25.000000	32.000000	344
420	-25.000000	31.000000	364
421	-26.000000	31.000000	363
422	-25.000000	31.000000	364
423	-25.000000	30.000000	384
424	-25.000000	29.000000	4
425	-25.000000	30.000000	384
426	-25.000000	31.000000	364
427	-25.000000	32.000000	344
428	-25.000000	33.000000	324
429	-25.000000	32.000000	344
430	-24.000000	32.000000	345
431	-24.000000	31.000000	365
432	-24.000000	30.000000	385
433	-25.000000	30.000000	384
434	-24.000000	30.000000	385
435	-24.000000	29.000000	5
436	-24.000000	30.000000	385
437	-25.000000	30.000000	384
438	-25.000000	29.000000	4
439	-24.000000	29.000000	5
440	-24.000000	28.000000	25
441	-23.000000	28.000000	26
442	-24.000000	28.000000	25
443	-24.000000	29.000000	5
444	-25.000000	29.000000	4
445	-25.000000	28.000000	24
446	-25.000000	27.000000	44
447	-26.000000	27.000000	43
448	-25.000000	27.000000	44
449	-26.000000	27.000000	43
450	-27.000000	27.000000	42
451	-28.000000	27.000000	41
452	-27.000000	27.000000	42
453	-27.000000	28.000000	22
454	-27.000000	29.000000	2
455	-27.000000	28.000000	22
456	-28.000000	28.000000	21
457	-29.000000	28.000000	20
458	-29.000000	27.000000	40
459	-29.000000	26.000000	60
460	-29.000000	27.000000	40
461	-29.000000	26.000000	60
462	-30.000000	26.000000	79
463	-29.000000	26.000000	60
464	-29.000000	27.000000	40
465	-29.000000	28.000000	20
466	-30.000000	28.000000	39
467	-31.000000	28.000000	38
468	-31.000000	27.000000	58
469	-31.000000	28.000000	38
470	-32.000000	28.000000	37
471	-33.000000	28.000000	36
472	-33.000000	29.000000	16
473	-32.000000	29.000000	17
474	-32.000000	28.000000	37
475	-32.000000	27.000000	57
476	-32.000000	26.000000	77
477	-32.000000	27.000000	57
478	-32.000000	28.000000	37
479	-33.000000	28.000000	36
480	-33.000000	27.000000	56
481	-34.000000	27.000000	55
482	-33.000000	27.000000	56
483	-33.000000	26.000000	76
484	-33.000000	25.000000	96
485	-33.000000	26.000000	76
486	-34.000000	26.000000	75
487	-34.000000	27.000000	55
488	-34.000000	26.000000	75
489	-34.000000	27.000000	55
490	-33.000000	27.000000	56
491	-32.000000	27.000000	57
492	-31.000000	27.000000	58
493	-31.000000	28.000000	38
494	-30.000000	28.000000	39
495	-30.000000	29.000000	19
496	-31.000000	29.000000	18
497	-32.000000	29.000000	17
498	-33.000000	29.000000	16
499	-33.000000	30.000000	396
